produce_type,weight_kg,shelf_life_hours,transport_temperature_C
Apples,1.083236623770122,702.369489307859,0.8827412130023529
xyz,15.2069335414381,194.23689464769785,6.789758017491687
Apples,12.059136169251575,657.0936898762955,3.9800404194321133
Tomatoes,1.3782842667874027,367.49574707742045,7.957166800916721
Tomatoes,7.8938885601877695,331.5884005446404,9.43864197578646
xyz,2.5024774310535336,204.11099170934546,9.892028937168003
Tomatoes,9.409150104577382,342.48855126624346,7.765247499894686
Apples,2.2029978036785307,691.4495666178108,1.5330235529309229
xyz,14.835577376384846,190.06845049035442,6.071887330148554
xyz,17.778249526543917,186.916807253783,1.5508899742381965
Tomatoes,12.304041787425836,314.8070893883807,8.917309765994181
Apples,16.16042003889303,712.2142900051476,3.153215684824838
xyz,2.764213767990457,213.9712509297456,0.871213120828439
Bananas,5.841353531521656,176.26697233877022,13.452063161091809
Tomatoes,6.679376284246596,361.882388634152,9.466480985398952
xyz,16.72750212223633,217.4761812201582,1.2860598526998601
xyz,0.6045413448732273,207.92384296898192,4.171870309673555
xyz,19.260450213618046,186.82334919096257,5.272500672817845
xyz,1.486885903563941,218.65464944270764,7.274274724112866
Apples,1.5185300963384685,700.7468154045362,1.286062923829221
Bananas,0.5561135243069388,170.71811015960236,12.643481164665117
Apples,2.610981383764879,776.4697773099907,1.519794816307121
xyz,19.016131451717055,193.5307443766938,6.124059069208737
Apples,12.144336667508105,670.7002445865035,0.2068589486829424
Bananas,10.939320806590173,157.39323783617357,12.004734062510046
Bananas,7.235246249314731,165.49277354695064,13.023661104217583
Apples,16.73739832555385,693.0567507925836,0.7471979019461763
Bananas,10.452713889834245,152.25069267485037,12.949534902836504
Apples,19.14920688581461,702.2211963861193,3.7558344836853172
xyz,9.763024946951873,187.12986654427135,0.4323918644692537
Tomatoes,5.014450636979097,342.43855929945045,7.074647046310828
xyz,10.770437741414668,212.32148604506963,8.644062916673041
xyz,6.041259297046524,200.56052402229813,4.365849773164896
Tomatoes,12.072854332590147,364.9597876351883,8.728605899734807
Tomatoes,6.16314381241149,354.7598568129109,9.623239804952025
xyz,12.531061730353784,205.17623233477954,5.507137614798577
Bananas,13.880060246144721,163.4926791271833,13.471378156931266
Apples,1.869201335340571,697.679330822016,1.542577531846137
xyz,4.753754499822797,190.5557839681063,7.760962178410114
Tomatoes,4.366858127966409,348.7607182438772,7.664534607756895
Apples,13.17887256040199,700.7591108666664,3.6360835021096274
Apples,6.478989548522424,716.3756089417801,1.6022402800119049
Tomatoes,4.91825080649313,310.5370756069309,8.859566628515495
Tomatoes,10.97009051956821,316.133241503809,7.19933569694383
Bananas,14.49731980313105,178.79327301079127,12.738892109788429
Tomatoes,14.34619543198054,350.4466710305746,7.162806400836296
Apples,6.8765617839548145,690.7537086623258,3.9895917346109253
xyz,19.519734582654305,202.35836496691232,2.9380773392399395
xyz,4.676782098577687,205.33876181920866,3.0877111503194064
Tomatoes,5.265467360864895,324.63366048986006,7.766565987676243
xyz,9.202013155158895,194.51644445771936,7.310842690310801
Tomatoes,2.066770799784565,345.0796863275778,9.600656122140762
Tomatoes,5.775572288159919,334.0043034253685,7.710326788417603
Apples,12.362796799554523,691.671274555993,2.328566453207157
Tomatoes,6.650276625593453,306.2330421139067,7.029157858300683
Apples,14.431389334316068,785.0738659677581,0.7098601014411763
Apples,1.6157171367280048,728.7926622978639,3.646006494122718
Tomatoes,14.619075482330167,333.4885484764346,9.146466144645098
Apples,17.771550583346432,762.6894980357037,2.9453449964023393
Bananas,9.86148019321844,174.45597934465303,13.305798045573361
xyz,19.512425191459634,212.67214507025813,1.6953092928254443
Bananas,6.3922982189831234,157.48607471190172,13.2681884311713
xyz,15.459113342760425,196.19757634342017,3.7497923573690226
xyz,14.413592709438099,196.22755820198427,9.905853109317365
xyz,14.35090929802423,213.08757943382645,4.073287090836861
Apples,18.02380926680192,769.3799508633983,3.3706213012347255
Bananas,11.795427700477479,155.98229458198588,12.737025772819452
Apples,18.223680852545087,768.4417532717213,3.8381267612258894
Apples,8.796999677659544,684.7742178065821,1.6564859514501533
Bananas,12.350768274129322,154.6359165908766,12.443867632922675
Apples,16.30669958720199,669.4841216290996,0.20484017197146454
Bananas,19.166714800289398,155.25818861419137,12.58177443057691
Bananas,7.61651995568137,160.56158695730642,13.577912767718393
Apples,16.245020751839636,686.3568926390153,2.6102842294659023
xyz,8.020047927371959,211.1915414537292,9.53115685207682
Tomatoes,15.563670792272584,361.3571528080938,7.1973716967864965
Bananas,19.20022275967586,166.64599761463876,12.687075364265725
Bananas,16.690015721986192,153.98149887187517,12.361561325587507
Bananas,14.039688092387767,159.66655977532423,13.514658351700573
Bananas,18.804778365407426,173.66116049109752,13.610355522559708
Apples,11.37615236591743,689.156028790095,1.683383428193662
Bananas,12.634896965788139,179.59117956104703,12.55663256336567
Tomatoes,17.724012191858147,360.3558154772693,9.537666740450657
xyz,15.3223408124949,201.9943892788972,9.248025971373476
xyz,4.254234440146556,210.89549126362246,4.404567246900891
Apples,1.004913469189808,663.824216482678,1.2767208566214991
Apples,10.886447080698167,749.6496584154202,2.7454922548908414
Bananas,5.111276009293032,162.37280203561417,13.976647474814882
Apples,3.358620342322413,769.0601276684343,3.6665477802899784
Apples,15.898258324086907,650.2519775538265,1.6486997649599928
xyz,7.48111280998184,216.31703445766806,6.250530858846188
Tomatoes,16.05208986872148,335.73143497558567,7.783726724152017
xyz,14.819481846734812,210.47611678367372,1.2028944741375425
xyz,7.264631043452806,184.6491544219213,8.413959375932622
Apples,0.9853891335650538,702.8735856307196,0.04839335002135581
xyz,2.097968842412271,207.55550046221123,9.391584360804181
Bananas,14.862848092687274,162.10022100225765,12.702268137763998
xyz,12.460720088893856,191.8263774757086,7.638260324555606
Apples,12.907682325133969,664.6661172333947,2.679897777435782
Tomatoes,11.147537019019987,362.1769053656548,7.30729931266569
xyz,2.176228551563821,185.07701433951902,4.475527204931707
Apples,10.33061127412602,786.3067024488556,1.6460656462793026
Bananas,3.721317042243499,183.22935236854647,13.870775258453168
Bananas,19.17276406175648,154.3363851780863,13.032553635316201
Tomatoes,3.958344122949338,349.7880749816765,7.7495316026073375
xyz,15.31951724945528,207.75794378588577,2.4922954313342514
Bananas,5.015387299151899,161.25270583577893,12.216581151549589
Apples,13.42485969889855,761.3742099713794,1.9175441456945128
Bananas,6.371643126859412,171.25857660035268,12.110835548774139
Apples,12.844162426625756,720.6105301941479,1.773274379772002
xyz,7.1548391839497665,215.86845439628763,6.889530875343766
Apples,3.8054169531379705,653.4388881382549,3.751171042398223
Apples,16.010006993002584,779.2659523918685,2.6255157086500045
Apples,19.403944144482335,758.7168892534944,0.6784542604735764
Bananas,17.935708515159437,177.1897038572996,12.104940492257612
Bananas,1.887963049682345,182.51869121615115,12.302169141663635
xyz,19.971544609941695,210.4936713407806,8.571053893386795
Bananas,2.6936933341081883,157.50870834173188,13.501260949870808
xyz,6.949985216390647,183.65993666683337,5.091250618281261
Tomatoes,12.071246080074607,342.6030557733218,9.887829229972592
xyz,6.253507974809862,203.89024395847267,8.169001055199644
xyz,6.024421557917455,214.88996112839556,2.505083769923131
xyz,4.900231171531239,211.34558028908194,7.962634712419892
Apples,15.57955556803329,759.6008595793784,0.4549980046417641
Bananas,16.791252684504705,182.78130831842844,12.865835518435475
Bananas,5.147157154912848,163.63900000640362,13.210070013016656
Apples,15.814991701774966,670.7412425751946,3.7594327083432866
xyz,13.748440089615766,187.45221420329182,8.220491289518904
Bananas,13.140441308989821,166.65717926553532,13.346943702894269
xyz,5.808471913152632,180.75456389654371,6.692165790194023
Apples,7.635724650424759,693.628448700476,0.423540994809565
Bananas,11.806721860359694,180.43643234622826,13.830766266626444
Tomatoes,5.071477997936867,304.00260727674646,7.0260764721439175
Apples,10.991389275227045,671.7856468990379,3.5853137081442816
Tomatoes,9.979964435049064,338.9716067351042,7.081384796069381
Apples,12.8908467660652,732.1075395131319,0.3968896042295551
xyz,18.00148893661462,204.53366281477864,3.0612421177726326
Bananas,18.036440469949127,165.7934798399077,12.357637370125644
xyz,12.65019346793877,216.94474681555405,8.159977244117146
Apples,8.062322766232972,730.4942581370419,0.6644710513076175
Tomatoes,4.324809091609239,303.67316103308633,8.040895475162849
xyz,19.047944955651015,207.26756682469968,5.028901378605082
Bananas,5.5241981557982465,171.31388287451884,12.413879777564272
xyz,10.688072853181374,192.63375364677643,0.33114038125327205
xyz,13.197176161960014,217.44323216955388,7.363651228019491
Apples,2.626371832850319,728.6404590378554,3.1203574220564607
xyz,17.837637683425765,184.57153758436868,0.08203087712318924
Tomatoes,5.357993232242305,341.70640213945836,7.7163605712189725
Bananas,7.178126741927337,172.64395573415322,13.31890443618973
xyz,8.837692516854183,195.12437213198538,5.0856525684525
Bananas,2.995679602476398,169.21323609210418,12.313889387176891
xyz,7.851313836789761,210.84905426392152,6.7313207902919014
Tomatoes,2.426688654024434,338.10593643268953,8.245701995201962
Tomatoes,11.65183655666639,335.07919665973293,9.279938439462999
Bananas,19.785705753692053,182.859503369098,13.587407431706088
Apples,6.821677675842181,748.2590343422988,2.6771928865230086
Apples,17.184761293450986,746.0566506163898,1.8973414701309617
Apples,3.2093426593371115,766.4418397253999,3.138435928159241
xyz,8.635315801280743,185.188355383037,1.4251031691737526
Bananas,12.182750922166074,151.22906117556818,13.565427927364855
Apples,12.756759614649251,684.9670361474572,1.830035569418004
Apples,5.785194718411774,742.5902357332213,0.03031256723322473
xyz,6.033565773606451,188.74131935631465,0.31703637574291177
Tomatoes,5.490574156384898,312.8887918890156,9.342391421230172
Tomatoes,4.377446785803216,329.40527737808844,8.025848272666014
Bananas,18.233379791527994,164.19689883291375,12.025493159495028
xyz,10.06976739908504,185.31104594268112,3.673489494576734
Apples,18.612269994906047,704.9232228826506,3.046339260842655
Apples,7.245786632807639,772.4545410228594,3.8331739715403237
Bananas,4.732206088156739,156.8321335082001,12.653731743316763
xyz,9.162385933290158,186.4460116557785,2.525741315227336
Apples,3.0997410258119014,727.6684175339016,1.0973716839929692
Bananas,2.4206812866854084,178.09589183966048,12.311785401734726
Apples,1.974094592606953,719.9352963338101,3.51470469696168
xyz,17.119017235885455,200.1169422327403,8.88139649675862
Bananas,16.03271057525655,183.34003010484412,13.330991046858399
Bananas,15.695935893918783,160.200704760652,12.928241949570689
Tomatoes,15.66509997200099,329.7019851969727,9.991289912173832
Apples,12.929925752185136,676.5926601378684,3.3800921544965368
xyz,6.802126914731577,218.4094787329896,2.47277503779443
xyz,11.568856667546038,183.99358193193498,0.05380130569281105
xyz,8.863392073013857,216.87410745054973,2.6834869254018456
Tomatoes,16.232879675359953,324.20315467314657,7.122723325508346
Bananas,3.7181189619036257,183.51466711126304,12.859492868917961
Tomatoes,12.999000629028082,304.87779545331614,9.058274131904989
Bananas,14.243984376172428,178.88114998849042,12.331410654585923
Tomatoes,8.475179355274566,348.6002146353164,7.530560885323386
Apples,5.663578083953775,752.0595450198323,0.7785036299412322
xyz,14.305436987218796,188.3095102427282,5.0918515120755465
Bananas,3.205438757721629,152.11520800150242,13.327994067021612
Bananas,17.111050655845926,172.59251865094916,12.039540576140405
xyz,10.939854998962335,213.84080190872803,6.982322238263002
xyz,7.6858628588256375,204.54887837268117,9.858247369126069
Apples,15.554590578526115,702.7506680100454,0.17036816162645785
Apples,6.595756164876794,729.6521260010524,3.323444969201077
Bananas,15.018143727617606,162.69572239579134,12.635363372581065
Bananas,2.3779105186254808,163.07701253644385,12.8753958097142
Tomatoes,3.1746481229281818,355.14339936098685,9.750409282057003
Bananas,19.673701434978845,181.73711106630395,12.645570212335633
Tomatoes,3.198427241170825,356.70257441647703,9.185908848455039
Apples,15.650719371553878,691.1878036743192,3.550966394947884
xyz,3.4001158760660433,197.2385707483573,8.150459096467046
Bananas,12.121361528648016,172.638818671235,12.406961699163467
Tomatoes,9.497415239796156,365.08177794611316,7.247389538796304
Tomatoes,11.528441735604014,362.013419144573,7.892098746984504
Tomatoes,14.948403964325589,312.101695000957,7.610603906279347
xyz,13.008272739400365,200.18779283005048,4.854297219846759
Tomatoes,2.678687546698482,347.49694628245817,8.78712944487361
Tomatoes,13.872242812201685,308.73879233734976,9.282351893629535
Tomatoes,9.448313729202265,303.1171570244054,8.352775674328381
Tomatoes,14.515627741184444,361.381269948006,9.121310025252738
Bananas,7.214381452157463,158.02793625198714,12.88698380517301
xyz,3.527437083098096,206.26295939321662,6.711526824290286
xyz,5.076708391763714,184.01962775590542,6.90396979531315
xyz,15.285351375594276,190.0574094396073,6.735323108877747
Tomatoes,9.110561084134927,308.18176761742205,7.973210781275688
Apples,18.139189136689648,654.024974073922,3.833078228253439
Bananas,5.451841562927147,168.9395974856003,13.748844442316667
xyz,19.886550808926764,199.81796298926173,6.069498814752034
Apples,9.509508016833452,771.9157020430105,2.7609696241810147
Tomatoes,9.410110354565527,309.71436308245075,7.49094915708014
Bananas,15.355509222662855,178.93026641570555,12.976868730160696
xyz,9.646505309110127,189.31584060253624,0.7065892213112401
xyz,10.054690726620025,196.9447252754048,7.278437618262572
Tomatoes,6.087799730933526,320.49975469342615,8.564821024079317
Apples,1.535788214612099,656.0781397576455,3.0403819287547966
Tomatoes,16.47478933164355,328.1905837414395,7.801738799471465
Bananas,10.42453405067576,183.17222675752478,12.967130417362204
Tomatoes,18.25765512579919,326.64640800058623,7.07673334658115
Apples,15.34477634819033,677.8983324336048,0.021654128560477215
xyz,17.838459172559155,216.11274094397245,7.722698505598281
xyz,5.937931764414425,217.96529281116875,8.409829685761972
Bananas,5.706074386671772,178.36147252744777,13.818129364873531
Apples,8.84229608141167,725.6063212344136,3.0606517791529977
Tomatoes,1.7788072648699755,334.3632345519994,8.998900359434808
xyz,18.11530701468957,197.59644040983235,5.745878979498303
xyz,1.3406075396236543,184.44919194314775,7.17757351954334
Bananas,0.5356011842491994,172.13990505879312,12.84649026310601
Bananas,15.430523609724162,181.96500500903724,13.009981422285207
Bananas,10.699805335376512,152.4711263178857,13.159889068673774
Tomatoes,14.517541509308664,336.1662358197695,7.4435670875433875
Tomatoes,8.01432777066756,314.00616728326463,7.6216977709464215
Tomatoes,3.2223484033009795,368.0852422429687,8.140863740366754
xyz,19.070984000359662,182.89547117634035,1.1876665196001834
Apples,13.25887067916935,737.0083615211989,2.7313032143054246
Bananas,13.779297322167336,160.77750613274577,12.87472614896182
Apples,2.0390417991859753,708.8037769372105,2.7068131021183595
xyz,15.74870608180731,209.642842596194,6.400790171900759
Tomatoes,3.0219128073030275,349.9977400998107,9.940930613114892
Tomatoes,19.35201891431632,333.5397433377095,9.613639342271249
Tomatoes,18.464447048263715,347.7963722416395,8.869923812480938
Apples,7.574584935521488,722.6699209622011,3.335675132893964
xyz,13.495724948993164,211.93152702438195,1.8975421503652223
xyz,9.614413826376774,214.9827436619602,7.80530988889447
Tomatoes,5.082729402258758,366.3777123501757,9.836755398828611
Bananas,15.469990649377236,170.1235891228275,13.588311657534422
Apples,11.855040112549835,667.5655077243435,0.3304874682401291
Apples,6.8949957745811075,770.031968635939,0.42492796402631683
Tomatoes,15.244696556846202,346.15131935296677,9.884086726957502
Tomatoes,8.678258349381451,337.6094436857196,8.524661589658265
Tomatoes,19.502182426604488,325.2590585739247,8.442386116969182
Tomatoes,1.774634402256345,343.01329503730346,8.770150691086737
Apples,1.967746869290943,749.7801425579461,1.00684032408277
xyz,16.960710385700324,205.2896212094127,5.864803580006507
xyz,8.367105746375543,201.3574961712458,6.292032874245626
Apples,5.531107070232122,691.9289563276965,1.104535084479323
xyz,12.245939191174488,197.42693483371337,1.127077063881592
Apples,3.3479581604913364,673.1068359585148,0.5327675577304616
Bananas,8.493732463809122,166.60408192190798,12.223293658903232
Bananas,3.8678886864949944,179.7586519089658,12.78930154256759
Tomatoes,19.323220080090984,316.30169263880094,7.120687604992578
Bananas,1.2616597036973558,170.1860587351893,12.76826160645044
Tomatoes,19.390490869700297,316.3739666892169,9.15053006433844
xyz,0.714960123422878,207.7926935134094,9.84367302471968
Apples,9.954249577129103,755.4587582586024,1.2779227196951002
Bananas,1.421069725547571,170.76885844138135,13.33003152832386
Bananas,17.8847692352321,169.7283596660761,12.73192699816861
xyz,14.939577569839665,185.07693591833433,2.2743036096891043
xyz,18.80151530117426,193.86990882048497,5.144141321230236
Apples,2.464176532201937,693.3247847225242,3.7184457001609736
Apples,16.740904267464316,723.4316513141813,0.8561131172001089
xyz,9.087595873398897,183.9795982153238,5.184591297390009
xyz,18.745723008913043,201.23151568484053,4.868197556454988
Apples,9.878763866426716,735.725911278846,3.0677709494388004
Apples,8.687456465066832,686.6522752073081,1.6648845002433266
xyz,16.834543939632923,203.06915462650798,5.8653659527730095
Bananas,16.565098148092495,165.25590854753037,12.840249230105556
Apples,5.2219599100904395,785.56051759964,0.30309324884550826
xyz,10.941857230838576,180.1523018046885,6.333411677260724
xyz,7.052306967051549,188.9889430678907,8.818798268940993
xyz,6.066189082010606,191.00774917330847,0.5876534711911907
xyz,10.868015470325206,201.83780876074397,1.0674483267687196
Tomatoes,3.8638616328463935,353.55738887955266,9.25781796229331
Tomatoes,9.522546356452445,310.1477956762872,8.74509302904414
xyz,4.385603723500298,204.87579493433734,3.4332712749574013
Apples,13.4804178455553,658.1500803013175,2.865933017915623
xyz,4.84847969029937,205.83553699045262,0.29625179075349894
Tomatoes,3.966618501621613,314.8179761422558,8.350229363848726
Apples,18.416302246966577,687.8278266780795,0.8505174615279256
Bananas,15.316765045408774,153.9450101151775,13.714141968352365
Tomatoes,5.992165264780173,364.9110866802942,9.340311682953669
Apples,10.499106381454547,791.3018594461115,0.7322062837511392
Tomatoes,8.399197801769498,349.1675959019451,9.372568644016777
Tomatoes,2.605287363147549,318.6132344789014,8.83008033652992
Bananas,14.486433604776641,158.3468729049644,13.73938655900213
Tomatoes,10.092986910454284,319.12233495780646,7.504985108445285
Bananas,15.403281991383468,173.0870241299114,13.488870229008235
Tomatoes,11.62045860787774,330.12211112759945,8.772443499242986
Bananas,0.7476555312376485,180.68543628753446,13.96388063709854
xyz,9.72422026798466,214.14379918320935,0.1527507263837513
xyz,12.875208154031615,200.51257078798656,6.900844714453469
xyz,6.3908488611549386,184.80022124548373,1.287190338860048
Tomatoes,16.787966980536385,309.7434912554686,8.724429478976141
xyz,10.438314758859628,203.6396146979008,1.4705870119014752
xyz,14.354347779708228,197.14282535564826,4.048377067543577
Tomatoes,5.2747188808677725,336.35559018967416,9.78294244768566
Bananas,11.015760175065031,156.61719997488942,13.196952784296768
Tomatoes,3.0647583824448947,359.323432269539,9.623031503097835
Tomatoes,2.037099438513126,345.801126619947,7.011354447357972
xyz,11.022241509550772,191.12548792087327,0.21984045299607735
xyz,15.881291668074098,186.3033686558985,4.556089781954094
xyz,19.023368466558253,189.24698465335723,2.5409424442051263
Apples,18.743561175192273,672.6239230814176,1.091899228110902
Tomatoes,11.758096584704544,318.83376802412675,8.188734969641475
Apples,15.410991566803446,656.6114420283259,3.240792911357601
xyz,17.670515650026072,188.50095841931704,1.722517328884371
Bananas,6.0929546704044,165.5663269651205,12.175155172920952
Tomatoes,17.870218056082912,367.49334102372245,8.617207013865618
Bananas,4.034147809844546,157.42686626899047,12.748084387830588
xyz,11.960806411806184,187.0301202174944,2.474194952483634
Tomatoes,3.584055779454015,363.2385803032178,9.01636951547167
xyz,4.240090644614715,214.63748572960762,8.209614120463332
Tomatoes,13.207307366551131,335.70728037439477,8.84451269273451
Bananas,9.57265166122544,161.40416162133428,13.68408336478557
Bananas,6.319458729669581,153.17301514157268,12.01515468180478
Apples,11.959921947268597,710.3248393160591,2.455752005152533
Tomatoes,14.833580397386326,313.752475735769,8.00081107545507
Bananas,15.07506413284097,153.65700693169026,12.341964797543179
Apples,8.431380375921979,750.1305560566059,0.19174220352329563
Bananas,2.964599264209479,154.47626417627527,13.135265764100648
Tomatoes,14.38727574282776,313.57354998515297,8.290573743191402
Bananas,18.796216913398887,174.96294377991308,12.126162410120656
Apples,16.176692249366326,775.6363131290859,0.781039691841297
xyz,13.13403215290585,191.39506257115423,4.604577055074768
Bananas,10.159527317720826,158.19476328159092,13.655681518934392
Bananas,7.638733692470463,174.23744591681213,13.38270139780257
Tomatoes,0.8274868864190903,342.0294849357731,7.5790321420897255
Apples,9.941152875526669,731.0476180737004,3.6730911333068814
Tomatoes,16.183575275950936,342.512720883988,7.987546374883232
xyz,5.414323396059579,197.9472888693694,6.846073980789499
xyz,8.438650394837197,202.03905185493346,5.845046997313541
Apples,5.723104806124199,669.0743940653228,0.02593786859042435
Apples,1.0429570632574903,673.1587527600454,0.5520878545177244
xyz,11.263893070024713,208.38661568509684,2.974525271240606
Tomatoes,4.988397475386562,333.4036033464782,7.514384266937082
Bananas,15.104095196287576,153.97404532852187,12.051231229075633
Tomatoes,13.783044102219746,346.2340890946565,7.276494985041413
Bananas,18.342047116094786,169.70926683460564,13.310687266044985
xyz,17.81849719611244,182.6489937271734,5.018433005377229
Apples,2.947097985994099,765.297647339477,1.6379392761347895
Bananas,7.623891576357464,157.39475330965976,12.893532532765244
xyz,3.8516958383994653,208.409132000824,1.2233621792935023
Bananas,1.6139193196287487,167.39106845987138,12.845745184793087
Bananas,16.53993893053978,181.48578592298966,13.09399934941078
Tomatoes,8.649826479280746,329.12731816998837,7.176392125038524
xyz,13.243581620117242,200.95355394736308,9.50636895572877
Bananas,19.637590188274718,176.30573398184063,12.821931960054435
Apples,16.39340035412831,781.8334236259643,0.7001525983953663
Bananas,12.071431354747752,160.04470664712585,13.265630904908754
Bananas,9.726431764815954,171.13572447504706,12.606903245994047
Bananas,11.452702346500855,170.72926573555287,13.301142784527666
Tomatoes,15.53770021797608,339.5130311166184,7.026249238633086
Bananas,12.061224292435362,160.3142211886168,13.18332371616791
Tomatoes,13.17175892871434,329.92632897830464,7.288696725436015
Bananas,14.795084189594768,181.04937792738158,13.688209956386306
xyz,8.295765490514109,181.8217001497741,2.946488183508029
Tomatoes,19.96218749123711,328.1742276590386,8.882941375715681
Bananas,10.453644174798656,181.99854889136049,13.323074212529475
xyz,6.018078799234333,189.74384230552914,2.0393432934697344
Tomatoes,1.117807062835296,347.12297060039805,8.748827875706732
Bananas,7.337771383728103,172.13168074338864,12.795043849908085
Tomatoes,1.5089184793028676,347.1260522010149,9.204660634413113
xyz,3.9026621091907123,205.80725136582592,1.802118512738674
Apples,7.959263483537241,773.1274557819095,3.439554954424536
xyz,3.658534654954031,210.48934834493312,8.349623170358296
Bananas,12.838347906880701,169.15018640107746,12.755487356860154
Bananas,18.581883041462167,183.7613357547524,13.393584633699405
xyz,18.185632607976235,202.43315862815805,1.5820421379156913
Bananas,1.0535393998403393,160.77435571745593,12.223682305019597
xyz,11.918876375415046,212.27091997096687,7.158352215609945
Tomatoes,7.313314689455267,350.06363326124205,8.316164146320084
xyz,19.71232175526526,187.33616780758607,8.394074442499267
Apples,2.81449953139776,779.9140723854755,1.5681426782322307
xyz,16.701981293519427,215.6909815963753,1.5107249583762639
Tomatoes,2.842644510837001,304.9955039394242,9.831234472279542
Apples,2.6258076016138614,687.9060539156912,2.923117791958105
xyz,4.681606131536113,206.23547420868454,4.478792117067049
Tomatoes,14.57548866421049,343.2161586730994,9.271797560555553
Tomatoes,10.293957440515223,315.3398814483678,7.607800008057586
Apples,13.358580433424935,724.941038703676,3.6039300823359395
Tomatoes,15.800243815444219,342.3279958232969,7.607509240243689
Apples,5.542766891569687,712.9934931729778,0.3055437818272013
Apples,7.1172379732562305,735.0982721609486,3.46324294506827
Tomatoes,18.646165291100175,359.94555594926845,8.856239585966575
xyz,11.92167435159831,215.89244432819342,0.5148381229888654
Bananas,3.9433815056696444,176.0468211193984,12.969718481959248
Tomatoes,8.252872843895222,314.00255856585875,7.187003235081937
Tomatoes,17.651404921182717,329.5823672190298,8.511569435410177
Bananas,18.598537980941828,159.79482921940405,12.536178158890216
Tomatoes,13.588849162716066,310.33778222684714,8.412946016357575
Bananas,17.8349828593457,151.70601236310534,12.669347252998028
Tomatoes,11.600453615974935,360.4203262408202,8.349308479953011
Apples,17.635693857833864,747.5019026829391,0.3921281835520909
xyz,17.786179628588737,188.9271678240232,3.2101937355376506
Tomatoes,14.465152696021637,321.57940141475797,9.215851511706155
xyz,12.786856437222204,209.85668257005088,7.966440086202079
Apples,17.06211296823728,735.2548740905457,2.572936788379393
Tomatoes,18.84360893279232,342.1362639508354,7.588059134700711
Tomatoes,3.2786441905907693,338.88859150458745,8.555233237368647
Tomatoes,16.147911481677408,368.7520047229123,9.425992163356618
Bananas,8.482721004579531,151.70957772101616,13.17549908246232
Bananas,6.89321328348935,153.21143024823607,12.378162329603203
Tomatoes,11.328671782270536,347.9177416207562,8.428129145234845
xyz,8.71833004499303,206.3210607822396,7.020866653388226
Apples,1.1454091695998065,653.8415289656958,2.057608085087851
Bananas,0.8781666422930213,176.6136413124269,13.03259992885915
xyz,10.487139175381136,208.58265809254675,1.2165235112865092
xyz,12.969424095466291,216.05409257197448,9.02732884229706
Apples,11.675403479004203,719.0393357493243,2.4186804201042444
Apples,9.109150415206017,769.0187875531683,2.7455810179332163
Apples,19.663971770164036,745.4771082095624,1.9449111246785256
xyz,9.46820871042347,197.39176240548161,2.930437062014354
Apples,8.918204766060908,771.9503210916528,3.9591623396636026
Apples,1.387126941239393,776.6717236686266,0.9098924708487437
Tomatoes,19.769280547301396,308.9997813097983,8.227006996951841
Bananas,11.986636169658462,173.96748109759437,13.928587934368363
xyz,9.104664570212812,180.40713451680568,2.5278861534953503
Apples,8.381829564283358,648.5913774625907,3.272972963025331
Tomatoes,14.735884719041389,326.16673457558403,7.1574588549651095
xyz,19.650294748725898,219.14598658799142,5.69043247346954
xyz,10.836227830001745,189.59735659649147,6.840935854810999
xyz,18.385747435099436,192.4023573118592,0.9317255886378839
xyz,3.9089124265704562,190.80780079739117,2.6369072028475427
Bananas,7.808165905552208,155.5045324441326,13.628106125582196
Tomatoes,3.8133049767576392,352.80225764108263,8.526759596181414
Apples,11.707177923295783,739.9329709523788,3.0172586703788804
Apples,9.775014976593692,696.0630550941587,1.5604379601807703
Apples,16.560376529585024,711.5473587119378,2.164493873663323
xyz,1.6429603566679405,206.96853953032553,2.1709444808694975
xyz,15.457199966451622,188.83161730433804,7.649400056804975
Bananas,9.320141022310409,161.71898068298168,12.871816082822777
Bananas,2.6940818133189124,169.79861149268723,13.027886499572633
Tomatoes,6.511441444357531,337.8867221481408,9.079854395641386
Apples,11.037627210353577,791.9865100179252,2.868552161563007
xyz,3.542995753971945,211.97987393328387,1.2916754517275497
Apples,10.512524750458851,699.0611077834378,3.235346188931266
Apples,14.244229590394905,686.1266185272638,2.3015286369022063
Tomatoes,4.702033341223494,350.1278914749981,9.078282919852567
Bananas,12.658772882761475,177.79356429149394,12.82308215908797
xyz,12.0937821444111,211.6380869697698,7.245512505852661
Tomatoes,18.63766765732793,344.33243501847653,9.892209789988776
Tomatoes,12.789829173198084,329.9067178769793,9.236974334488375
Tomatoes,1.9471349660125927,350.20918943505313,7.44724686351812
xyz,11.379790582023626,185.59787198910175,9.931811212486949
Bananas,4.24127768102365,181.87683686757367,12.319496544111216
Bananas,4.475613807931154,161.23803853546184,12.936021816901498
Tomatoes,6.689837245182136,353.0214878605306,7.3883955338247835
Apples,9.843442575734668,788.2114815330712,0.8074813968495169
Apples,1.5982623141586096,772.1689144841864,0.08100934846232333
xyz,10.650437730104361,219.9689675576832,9.373159136763263
Apples,4.370472947488051,714.9047437672631,2.5470346368251913
xyz,2.5152438618083535,185.11799592076943,5.479162250923188
Apples,6.79627034082869,699.7162379716865,1.3840612317066725
Tomatoes,13.02237068364492,365.5739375759686,9.341779103130651
Apples,13.890501368208607,660.2257172080689,3.7860182774907893
Apples,15.841385627335814,766.6241083516431,3.2308380419375284
Tomatoes,13.949947160904623,331.45257532489666,9.6423473754168
Tomatoes,8.800611454218311,328.7390275551454,8.497207406338513
Apples,15.473054829419802,648.6902610883092,2.090830554924774
Tomatoes,5.832477623318246,315.1329460501567,7.4925579684048165
Bananas,12.658577195402625,173.15615365483643,13.962004326955398
xyz,17.633702650086963,195.82275972906885,0.34635400206118994
xyz,9.12520635909123,213.3178074837825,4.340674705900044
Tomatoes,8.462962303038829,329.77526396757736,8.367417237670162
Tomatoes,14.61100100274527,325.2345239692474,9.359101338567474
Tomatoes,16.813747320335224,327.87987321114974,9.29713916944858
Apples,17.35992131295099,783.312521761685,0.6729280097427641
Bananas,7.1090061823008766,154.09578053890965,12.224014922092616
Tomatoes,11.931103652613174,351.163992433513,8.396660808959098
Bananas,5.99298829907806,177.86825856969986,13.989447919086196
Bananas,12.55139657492865,155.2873802061199,13.495137549981392
Apples,17.089799984920607,652.0019330409128,1.3482871527773357
Tomatoes,11.836237167435739,364.79513134663324,7.007468424399791
xyz,1.8344982344765883,206.99046927926244,6.819934150278994
Bananas,1.4162823052892013,174.7566524246104,12.947299331598012
xyz,7.97636102366191,190.88175905351994,5.038692611306955
xyz,5.2512341981257125,190.61692656280394,1.277565052784283
Apples,2.5188920400939514,707.5758058102299,2.5797013780702853
Tomatoes,4.231695201823731,325.23100352847104,8.581539657614487
xyz,18.44848277555698,210.54593970604063,3.9359631971807287
